533
599
377
401
751
593
131
877
127
397
281
1
289
929
31
569
449
359
821
541
991
163
233
131
827
691
629
401
499
611
439
127
251
73
757
137
523
337
383
401
127
449
271
239
269
353
577
757
641
481
989
527
871
809
839
467
949
319
893
913
59
257
671
911
719
953
299
947
689
353
793
821
557
841
331
953
233
697
17
89
337
359
479
641
599
227
449
697
83
863
383
887
737
143
937
397
839
149
667
887
523
659
401
257
563
43
919
659
11
389
127
89
221
817
71
461
79
79
517
137
461
149
943
269
697
563
773
239
793
419
341
173
209
197
641
667
557
853
607
919
373
953
67
157
653
863
551
167
839
803
473
701
479
467
137
947
739
683
251
877
199
559
347
611
347
359
233
719
547
43
719
839
493
379
929
719
419
103
557
307
29
857
947
337
841
257
743
737
971
779
601
577
851
11
937
893
641
911
97
347
557
1
839
277
359
181
961
671
659
599
503
757
473
869
17
631
827
659
221
23
239
937
907
839
797
247
521
797
839
757
101
79
431
751
629
577
239
19
997
157
89
713
457
317
577
389
131
751
121
677
377
139
407
689
143
871
541
253
307
691
143
937
19
197
569
337
673
391
751
101
527
337
989
247
491
31
11
527
673
911
137
629
893
839
719
299
53
41
481
221
17
979
331
547
437
797
269
613
527
899
11
887
281
293
113
607
587
793
697
677
839
697
727
809
857
467
919
17
551
731
113
167
1
827
641
961
401
113
431
767
851
383
269
571
179
517
563
689
871
719
431
431
37
851
311
397
53
67
967
481
839
559
127
803
53
367
19
97
877
479
431
157
893
367
149
379
499
373
499
919
719
97
547
433
851
347
331
683
169
449
913
787
799
47
377
263
907
547
221
113
811
337
907
727
493
517
209
817
473
683
691
671
761
683
641
197
761
457
277
139
467
109
479
517
443
307
523
893
247
653
661
437
157
179
199
851
277
683
431
157
751
599
851
331
209
157
961
961
431
977
443
919
353
731
467
697
121
997
953
193
977
121
29
683
829
1
773
307
517
713
59
887
11
607
353
277
767
803
59
793
407
197
647
397
607
449
881
193
667
929
347
71
577
107
869
661
377
779
401
851
683
71
653
97
767
551
733
629
401
431
943
851
601
899
247
289
397
499
937
677
347
293
869
877
433
341
373
461
839
253
797
19
779
709
277
857
509
911
479
641
311
563
457
779
571
689
463
773
947
809
263
257
467
607
989
641
541
67
143
163
41
347
781
221
557
713
869
557
457
541
727
209
17
1003
937
67
127
787
331
209
647
799
269
617
311
943
821
461
113
473
947
659
473
571
503
929
979
361
59
863
197
989
607
317
269
53
893
359
347
583
383
551
227
299
839
13
619
307
587
577
127
221
817
967
809
67
517
131
29
607
839
971
373
649
947
461
697
227
187
953
793
823
389
127
157
761
277
779
331
961
709
923
751
799
697
307
443
583
559
961
403
653
71
611
359
881
751
163
121
187
157
937
263
943
11
227
31
881
727
331
967
113
149
443
307
517
689
397
997
697
31
781
127
607
389
179
871
467
923
541
127
71
781
421
541
767
863
353
677
937
569
509
773
307
989
899
647
797
551
401
977
157
367
67
47
911
577
131
971
799
311
79
787
989
179
731
823
827
461
803
479
913
541
239
431
493
559
401
859
289
191
923
149
209
757
667
283
631
163
953
839
779
431
731
239
857
89
947
209
433
517
179
37
919
331
937
967
871
281
209
983
851
157
323
257
373
257
761
209
997
947
587
859
401
691
713
767
107
733
809
701
781
289
803
631
859
517
37
541
583
593
653
499
37
911
313
221
583
839
17
41
313
737
599
29
11
407
187
647
227
121
227
949
251
487
713
13
689
893
197
209
929
221
473
229
881
473
127
997
839
11
829
107
913
529
517
347
727
769
899
187
131
731
971
79
773
733
821
29
377
89
367
311
569
131
967
863
79
163
23
619
221
607
601
137
299
367
341
11
97
739
53
857
419
509
199
59
907
541
779
311
923
277
121
523
877
893
127
713
79
377
961
359
221
23
373
277
689
743
197
499
541
143
817
197
331
881
851
787
521
689
377
541
499
587
191
863
797
121
703
71
407
221
1
919
323
649
443
341
463
719
101
221
977
397
629
503
787
317
547
281
373
299
239
683
311
941
923
179
871
107
127
11
997
197
127
629
601
331
407
11
521
617
629
607
451
499
491
233
121
163
719
529
209
629
743
251
299
277
653
79
673
557
317
191
737
59
877
563
661
